28,2
25,5
25,3
25,0
23,3
23,1
23,0
22,3
22,1
22,0
21,3
21,1
21,0
20,3
20,1
20,0
19,3
19,1
19,0
18,3
18,1
18,0
17,3
17,1
17,0
16,3
16,1
16,0
15,3
15,1
15,0
14,3
14,1
14,0
13,3
13,1
13,0
12,3
12,1
12,0
11,3
11,1
11,0
10,3
10,1
10,0
9,3
9,1
9,0
8,3
8,1
8,0
7,3
7,1
7,0
6,4
6,3
6,1
6,0
5,3
5,1
5,0
4,3
4,1
4,0
3,6
3,5
3,4
3,3
3,2
3,1
3,0
2,2
1,2
1,1
1,3
1,0
2,1
2,3
2,0
28,1
28,3
28,0
0,9
0,310
0,305
0,308
0,304
0,303
0,302
0,307
0,12
0,10
0,8
0,0
0,436
0,300
0,435
0,299
0,434
0,298
0,433
0,297
0,432
0,296
0,431
0,295
0,430
0,294
0,429
0,293
0,428
0,292
0,427
0,291
0,426
0,290
0,425
0,289
0,424
0,288
0,423
0,287
0,422
0,286
